255 255 255 255 255 255 255 255 255 255 255 255 255 255 255 255
255 255 255 255 255 186 239 183 226 255 186 255 255 255 255 255
255 255 199 135 236   8 225 120 200 255   8 236 135 199 255 255
255 255 135   0 215   8 218  88  88 218   8 215   0 135 255 255
255 255 236 215 249   8 246 215  87 199   8 249 215 236 255 255
255 186   8   8   8  16 253 147 147 253  16   8   8   8 186 255
255 255 255 218 199 253 159  14  19 160 253 208 236 199 239 255
255 255 206 120 104 147  10  46  60  15 247  24 135 104 212 255
255 212 126 219 127 151 147 124 125  29 100   0  88 255 255 255
255 239 225 255 208 255 209 124 242  54 193 168  19 162 255 255
255 186   8   8   8  16 253 150   8 195  15 254 247 251 255 255
255 255 236 215 249   8 255 168  40   9 247 221 114 141 194 255
255 255 135   0 215   8 236 167 219 124 165 167 197 208 230 255
255 255 199 135 236   8 229 135 126 225 139 114  88 191 221 255
255 255 255 255 255 186 255 255 212 239 255 244 208 255 255 255
255 255 255 255 255 255 255 255 255 255 255 255 255 255 255 255
255 255 255 255 255 255 255 255 255 255 255 255 255 255 255 255
255 255 255 255 255 186 239 183 226 255 186 255 255 255 255 255
255 255 199 135 236   8 225 120 200 255   8 236 135 199 255 255
255 255 135   0 215   8 218  88  88 218   8 215   0 135 255 255
255 255 236 215 249   8 246 215  87 199   8 249 215 236 255 255
255 186   8   8   8  16 253 147 147 253  16   8   8   8 186 255
255 255 255 218 199 253 159  14  20 161 253 208 236 199 239 255
255 255 206 120 104 147  10  44  62  16 247  24 135 104 212 255
255 212 126 219 127 151 149 136 138  31 100   0  88 255 255 255
255 239 225 255 208 255 210 129 247  55 193 168  19 162 255 255
255 186   8   8   8  16 253 150   8 195  15 254 247 251 255 255
255 255 236 215 249   8 255 168  40   9 247 221 114 141 194 255
255 255 135   0 215   8 236 167 219 124 165 167 197 208 230 255
255 255 199 135 236   8 229 135 126 225 139 114  88 191 221 255
255 255 255 255 255 186 255 255 212 239 255 244 208 255 255 255
255 255 255 255 255 255 255 255 255 255 255 255 255 255 255 255
255 255 255 255 255 255 255 255 255 255 255 255 255 255 255 255
255 255 255 255 255 186 239 183 226 255 186 255 255 255 255 255
255 255 199 135 236   8 225 120 200 255   8 236 135 199 255 255
255 255 135   0 215   8 218  88  88 218   8 215   0 135 255 255
255 255 236 215 249   8 246 215  87 199   8 249 215 236 255 255
255 186   8   8   8  16 253 147 147 253  16   8   8   8 186 255
255 255 255 218 199 253 159  12  18 161 253 208 236 199 239 255
255 255 206 120 104 147   9  37  58  17 247  24 135 104 212 255
255 212 126 219 127 151 149 138 143  33 100   0  88 255 255 255
255 239 225 255 208 255 210 130 249  55 193 168  19 162 255 255
255 186   8   8   8  16 253 150   8 195  15 254 247 251 255 255
255 255 236 215 249   8 255 168  40   9 247 221 114 141 194 255
255 255 135   0 215   8 236 167 219 124 165 167 197 208 230 255
255 255 199 135 236   8 229 135 126 225 139 114  88 191 221 255
255 255 255 255 255 186 255 255 212 239 255 244 208 255 255 255
255 255 255 255 255 255 255 255 255 255 255 255 255 255 255 255

255 255 255 255 255 255 255 255 255 255 255 255 255 255 255 255
255 255 255 255 255 186 239 212 255 255 255 194 230 221 255 255
255 255 199 135 236   8 199 104 255 162 251 141 208 191 255 255
255 255 135   0 215   8 236 135  88  19 247 114 197  88 208 255
255 255 236 215 249   8 208  24   0 168 254 221 167 114 244 255
255 186   8   8   8  16 253 247 100 193  15 247 165 139 255 255
255 255 255 218 199 253 160  15  29  54 195   9 124 225 239 255
255 226 200  88  87 147  19  60 125 242   8  40 219 126 212 255
255 183 120  88 215 147  14  46 124 124 150 168 167 135 255 255
255 239 225 218 246 253 159  10 147 209 253 255 236 229 255 255
255 186   8   8   8  16 253 147 151 255  16   8   8   8 186 255
255 255 236 215 249   8 199 104 127 208   8 249 215 236 255 255
255 255 135   0 215   8 218 120 219 255   8 215   0 135 255 255
255 255 199 135 236   8 255 206 126 225   8 236 135 199 255 255
255 255 255 255 255 186 255 255 212 239 186 255 255 255 255 255
255 255 255 255 255 255 255 255 255 255 255 255 255 255 255 255
255 255 255 255 255 255 255 255 255 255 255 255 255 255 255 255
255 255 255 255 255 186 239 212 255 255 255 194 230 221 255 255
255 255 199 135 236   8 199 104 255 162 251 141 208 191 255 255
255 255 135   0 215   8 236 135  88  19 247 114 197  88 208 255
255 255 236 215 249   8 208  24   0 168 254 221 167 114 244 255
255 186   8   8   8  16 253 247 100 193  15 247 165 139 255 255
255 255 255 218 199 253 161  16  31  55 195   9 124 225 239 255
255 226 200  88  87 147  20  62 138 247   8  40 219 126 212 255
255 183 120  88 215 147  14  44 136 129 150 168 167 135 255 255
255 239 225 218 246 253 159  10 149 210 253 255 236 229 255 255
255 186   8   8   8  16 253 147 151 255  16   8   8   8 186 255
255 255 236 215 249   8 199 104 127 208   8 249 215 236 255 255
255 255 135   0 215   8 218 120 219 255   8 215   0 135 255 255
255 255 199 135 236   8 255 206 126 225   8 236 135 199 255 255
255 255 255 255 255 186 255 255 212 239 186 255 255 255 255 255
255 255 255 255 255 255 255 255 255 255 255 255 255 255 255 255
255 255 255 255 255 255 255 255 255 255 255 255 255 255 255 255
255 255 255 255 255 186 239 212 255 255 255 194 230 221 255 255
255 255 199 135 236   8 199 104 255 162 251 141 208 191 255 255
255 255 135   0 215   8 236 135  88  19 247 114 197  88 208 255
255 255 236 215 249   8 208  24   0 168 254 221 167 114 244 255
255 186   8   8   8  16 253 247 100 193  15 247 165 139 255 255
255 255 255 218 199 253 161  17  33  55 195   9 124 225 239 255
255 226 200  88  87 147  18  58 143 249   8  40 219 126 212 255
255 183 120  88 215 147  12  37 138 130 150 168 167 135 255 255
255 239 225 218 246 253 159   9 149 210 253 255 236 229 255 255
255 186   8   8   8  16 253 147 151 255  16   8   8   8 186 255
255 255 236 215 249   8 199 104 127 208   8 249 215 236 255 255
255 255 135   0 215   8 218 120 219 255   8 215   0 135 255 255
255 255 199 135 236   8 255 206 126 225   8 236 135 199 255 255
255 255 255 255 255 186 255 255 212 239 186 255 255 255 255 255
255 255 255 255 255 255 255 255 255 255 255 255 255 255 255 255

253 242 237 237 237 240 251 239 239 252 239 237 237 237 242 254
242 145 127 110 131 155 201 120 152 235  97 133 131 128 146 248
239 125 153 108 118 139 154 121 128 202  30 167  89 133 125 246
245 158 141 154 188 183 153 174 163 227  30 151   0 100 127 246
238  96  99  86 200 215 105  63 137 198  30 199 163 174 128 246
240 160 212 222 237  68 115  37 117 170  64  40  40  41 112 247
251 209 103  65 133 173  70 191 128 180 185 154 184 191 221 253
247 198 188  85  30 125  73  99  98 147 111 104 136 129 128 247
255 213 112 114  46 214  71  84  83  68 105  87 103 181 206 251
255 224 152 166 154 236 153  89  91 157 170 168 206 220 252 254
239  97  30  30  30  64 179  98 109 179  57  30  30  30 103 247
237 133 167 151 199  42 178  93 137 162  30 196 151 168 128 246
237 131  89   0 163  38 142  63  61 149  30 151   0 100 127 246
237 128 133 100 174  38 171 149 105 163  30 168 100 137 124 246
242 146 125 127 128 109 201 210 206 231 103 128 127 124 148 248
254 248 246 246 246 247 252 253 255 255 247 246 246 246 248 254
253 242 237 237 237 240 251 239 239 252 239 237 237 237 242 254
242 145 127 110 131 155 201 120 152 235  97 133 131 128 146 248
239 125 153 108 118 139 154 121 128 202  30 167  89 133 125 246
245 158 141 154 188 183 153 174 163 227  30 151   0 100 127 246
238  96  99  86 200 215 105  63 137 198  30 199 163 174 128 246
240 160 212 222 237  68 115  38 118 170  64  40  40  41 112 247
251 209 103  65 133 173  74 200 137 185 185 154 184 191 221 253
247 198 188  85  30 125  82 111 109 155 111 104 136 129 128 247
255 213 112 114  46 215  79  93  92  75 105  87 103 181 206 251
255 224 152 166 154 236 158  97  98 161 170 168 206 220 252 254
239  97  30  30  30  64 179  98 109 179  57  30  30  30 103 247
237 133 167 151 199  42 178  93 137 162  30 196 151 168 128 246
237 131  89   0 163  38 142  63  61 149  30 151   0 100 127 246
237 128 133 100 174  38 171 149 105 163  30 168 100 137 124 246
242 146 125 127 128 109 201 210 206 231 103 128 127 124 148 248
254 248 246 246 246 247 252 253 255 255 247 246 246 246 248 254
253 242 237 237 237 240 251 239 239 252 239 237 237 237 242 254
242 145 127 110 131 155 201 120 152 235  97 133 131 128 146 248
239 125 153 108 118 139 154 121 128 202  30 167  89 133 125 246
245 158 141 154 188 183 153 174 163 227  30 151   0 100 127 246
238  96  99  86 200 215 105  63 137 198  30 199 163 174 128 246
240 160 212 222 237  68 115  38 118 170  64  40  40  41 112 247
251 209 103  65 133 173  75 201 138 185 185 154 184 191 221 253
247 198 188  85  30 125  83 117 114 156 111 104 136 129 128 247
255 213 112 114  46 215  81  96  96  76 105  87 103 181 206 251
255 224 152 166 154 236 158  97  98 161 170 168 206 220 252 254
239  97  30  30  30  64 179  98 109 179  57  30  30  30 103 247
237 133 167 151 199  42 178  93 137 162  30 196 151 168 128 246
237 131  89   0 163  38 142  63  61 149  30 151   0 100 127 246
237 128 133 100 174  38 171 149 105 163  30 168 100 137 124 246
242 146 125 127 128 109 201 210 206 231 103 128 127 124 148 248
254 248 246 246 246 247 252 253 255 255 247 246 246 246 248 254

254 246 242 242 242 243 253 243 249 255 243 242 242 242 246 254
246 147 127 130 131 105 225 128 204 253 105 131 130 127 147 246
242 127 133  95 171  36 193 129 176 218  36 171  95 133 127 242
242 130  95   0 158  35 186 137 103 203  36 158   0  95 130 242
242 131 171 158 200  35 158  99  92 161  35 200 158 171 131 242
243 105  36  36  35  64 185 119  99 170  64  34  34  35 105 243
253 232 202 223 201 170 176 151  69 152 180 162 145 161 227 255
243 149 133 157 134 113 132 100  82  91 103 144  57 110 200 255
243 121 119 176  71  32 193 103  84  91 103  94  57 152 208 253
253 208 156 151 107 121  65  73  70 153 180 186 145 171 200 251
243 151 142 181 219  61 183 122 220 238  67  36  34  34 103 243
242 129 121 182 197 240 135  32  47 152  35 200 158 171 131 242
242 111 112 153  93 228  62  90 111 165  34 158   0  95 130 242
242 126 152 140  98 217 105 188 119 149  35 171  95 133 127 242
246 147 126 159 102 155 214 195 220 226 105 131 130 127 147 246
254 246 243 247 243 243 253 249 255 255 243 242 242 242 246 254
254 246 242 242 242 243 253 243 249 255 243 242 242 242 246 254
246 147 127 130 131 105 225 128 204 253 105 131 130 127 147 246
242 127 133  95 171  36 193 129 176 218  36 171  95 133 127 242
242 130  95   0 158  35 186 137 103 203  36 158   0  95 130 242
242 131 171 158 200  35 158  99  92 161  35 200 158 171 131 242
243 105  36  36  35  64 185 119  99 170  64  34  34  35 105 243
253 232 202 223 201 171 180 159  76 156 180 162 145 161 227 255
243 149 133 157 134 113 141 112  90  98 104 144  57 110 200 255
243 121 119 176  71  32 202 115  93  99 104  94  57 152 208 253
253 208 156 151 107 121  69  81  78 157 180 186 145 171 200 251
243 151 142 181 219  61 183 122 220 238  67  36  34  34 103 243
242 129 121 182 197 240 135  32  47 152  35 200 158 171 131 242
242 111 112 153  93 228  62  90 111 165  34 158   0  95 130 242
242 126 152 140  98 217 105 188 119 149  35 171  95 133 127 242
246 147 126 159 102 155 214 195 220 226 105 131 130 127 147 246
254 246 243 247 243 243 253 249 255 255 243 242 242 242 246 254
254 246 242 242 242 243 253 243 249 255 243 242 242 242 246 254
246 147 127 130 131 105 225 128 204 253 105 131 130 127 147 246
242 127 133  95 171  36 193 129 176 218  36 171  95 133 127 242
242 130  95   0 158  35 186 137 103 203  36 158   0  95 130 242
242 131 171 158 200  35 158  99  92 161  35 200 158 171 131 242
243 105  36  36  35  64 185 119  99 170  64  34  34  35 105 243
253 232 202 223 201 171 180 159  77 156 180 162 145 161 227 255
243 149 133 157 134 113 142 117  94  97 104 144  57 110 200 255
243 121 119 176  71  32 203 121  97  99 104  94  57 152 208 253
253 208 156 151 107 121  69  83  79 157 180 186 145 171 200 251
243 151 142 181 219  61 183 122 220 238  67  36  34  34 103 243
242 129 121 182 197 240 135  32  47 152  35 200 158 171 131 242
242 111 112 153  93 228  62  90 111 165  34 158   0  95 130 242
242 126 152 140  98 217 105 188 119 149  35 171  95 133 127 242
246 147 126 159 102 155 214 195 220 226 105 131 130 127 147 246
254 246 243 247 243 243 253 249 255 255 243 242 242 242 246 254
